504 4784 8
2015 285 5
872 4696 8
4698 495 9
3192 1264 8
2880 351 9
1593 4307 59
781 4763 11
2260 2865 5
4242 3339 21
4080 3300 60
4995 3069 9
1130 4025 5
3066 4333 7
850 2737 17
2067 3848 13
1570 2225 5
2718 2388 6
4424 1386 14
1655 3925 5
2780 2295 5
2501 287 41
755 1455 5
728 40 8
2000 456 8
4869 1206 9
4578 3143 7
2530 4595 5
1680 3984 48
858 902 22
4744 944 8
483 4557 21
445 1600 5
3186 672 6
792 42 6
4048 3718 22
2527 2695 3
480 815 5
4675 2470 5
2710 3240 10
3380 2915 5
4900 3460 20
1452 2992 44
2717 4667 13
1807 4563 13
3633 1995 21
1998 4158 54
2320 3570 10
4002 894 6
299 2139 23
1812 1644 12
4085 2670 5
909 3438 9
105 686 7
1984 904 8
4788 4858 14
4263 4524 87
445 4180 5
4845 3770 5
3852 1902 6
1812 4476 12
1340 1407 67
2673 3685 11
1780 2015 5
1058 2185 21
1920 234 6
3888 81 81
3822 2249 13
3498 1980 66
4480 1771 7
1526 672 14
4585 3444 7
4696 3128 8
2497 3982 11
2805 90 15
725 2378 29
4986 4698 18
1932 434 14
1855 581 7
3627 2604 97
3772 3381 23
1155 2709 21
117 2421 9
4210 2150 10
3344 4642 22
917 1680 7
4506 852 6
4795 3241 7
2466 1179 9
3159 3429 27
4408 864 8
3066 4984 14
72 1456 8
130 1120 10